City,Cloudiness,Country,Date,Humidity,Lat,Lng,Max Temp,Wind Speed
Jamestown,90,US,1619316103,50,42.097,-79.2353,52.0,9.22
Ambon City,40,ID,1619315855,62,-3.6954,128.1814,89.6,5.75
George Town,20,MY,1619316130,89,5.4112,100.3354,84.2,4.61
Mariana,0,BR,1619316130,92,-20.3778,-43.4161,62.58,1.83
Busselton,1,AU,1619316130,69,-33.65,115.3333,69.22,1.12
Merauke,86,ID,1619316069,76,-8.4667,140.3333,81.75,11.39
Mount Gambier,75,AU,1619316131,94,-37.8333,140.7667,57.2,4.61
Esperance,48,AU,1619316132,52,-33.8667,121.9,68.0,19.57
Bredasdorp,100,ZA,1619316132,93,-34.5322,20.0403,48.2,3.44
New Norfolk,94,AU,1619316133,75,-42.7826,147.0587,62.01,4.0
Enshi,100,CN,1619316133,85,30.3,109.4833,59.77,2.46
Barela,69,IN,1619316133,11,23.1,80.05,86.32,4.85
Severo-Kuril'sk,100,RU,1619316134,97,50.6789,156.125,34.92,5.86
Atuona,62,PF,1619316134,73,-9.8,-139.0333,80.8,16.08
Geraldton,98,AU,1619316130,33,-28.7667,114.6,77.0,9.22
Thompson,75,CA,1619316135,46,55.7435,-97.8558,26.6,8.05
Quatre Cocos,75,MU,1619316135,78,-20.2078,57.7625,78.8,17.27
Olafsvik,100,IS,1619316136,93,64.8945,-23.7142,41.67,17.31
Ushuaia,20,AR,1619316081,50,-54.8,-68.3,50.0,2.3
East London,99,ZA,1619316136,77,-33.0153,27.9116,63.9,5.28
San Marcos,75,US,1619316137,72,33.1434,-117.1661,62.01,5.75
Ruidoso,1,US,1619316137,18,33.3317,-105.673,60.01,13.8
Barrow,1,US,1619316137,80,71.2906,-156.7887,28.4,8.05
Dikson,68,RU,1619316138,95,73.5069,80.5464,7.39,7.29
Laguna,20,US,1619316138,55,38.421,-121.4238,62.01,10.36
Kapaa,75,US,1619316139,69,22.0752,-159.319,78.8,14.97
Butaritari,52,KI,1619316139,75,3.0707,172.7902,82.67,10.2
Tokur,7,RU,1619316139,47,53.1333,132.9,29.12,7.0
Umeå,90,SE,1619316140,80,63.8284,20.2597,32.0,16.11
Goderich,100,CA,1619316140,54,43.7501,-81.7165,51.8,10.36
Albany,100,US,1619315997,43,42.6001,-73.9662,55.0,1.92
Pontalina,61,BR,1619316141,55,-17.525,-49.4472,67.08,1.99
Sabha,0,LY,1619316142,49,27.0377,14.4283,65.75,17.63
Lompoc,100,US,1619316142,71,34.6391,-120.4579,55.4,11.5
Pevek,100,RU,1619316142,94,69.7008,170.3133,26.51,6.44
Athabasca,92,CA,1619316010,24,54.7169,-113.2854,42.8,5.75
San Patricio,1,US,1619316143,28,28.017,-97.5169,82.4,9.22
Rikitea,100,PF,1619316143,75,-23.1203,-134.9692,78.71,12.97
Rocha,99,UY,1619316144,84,-34.4833,-54.3333,62.85,14.45
Mataura,38,NZ,1619315641,82,-46.1927,168.8643,46.0,11.01
Khatanga,100,RU,1619316144,91,71.9667,102.5,29.41,21.74
Oranjemund,97,NA,1619316144,68,-28.55,16.4333,63.63,5.77
Nur-Sultan,0,KZ,1619316115,45,51.1801,71.446,39.2,13.42
Nikolskoye,20,RU,1619316145,86,59.7035,30.7861,36.0,6.71
High Level,75,CA,1619316145,52,58.5169,-117.136,39.2,5.75
Cape Town,0,ZA,1619315970,88,-33.9258,18.4232,60.01,2.3
Provideniya,100,RU,1619316146,72,64.3833,-173.3,40.03,1.5
Huarmey,1,PE,1619315943,85,-10.0681,-78.1522,67.77,8.57
Hithadhoo,5,MV,1619316147,67,-0.6,73.0833,83.05,5.75
Praia da Vitória,75,PT,1619316147,88,38.7333,-27.0667,57.2,25.81
Hofn,100,IS,1619316148,89,64.2539,-15.2082,44.89,3.2
Castro,74,BR,1619316148,80,-24.7911,-50.0119,58.03,4.03
Ciudad Bolivar,39,VE,1619316148,61,8.1222,-63.5497,82.24,17.67
Buchanan,100,LR,1619316149,86,5.8808,-10.0467,78.75,5.48
Saint Paul Harbor,90,US,1619316149,87,57.79,-152.4072,42.8,9.22
Sitka,20,US,1619316150,21,57.0531,-135.33,60.8,8.05
Punta Arenas,0,CL,1619316143,66,-53.15,-70.9167,46.4,12.66
Hobart,75,AU,1619315914,51,-42.8794,147.3294,62.01,11.5
Arraial do Cabo,10,BR,1619316150,80,-22.9661,-42.0278,73.42,6.96
Hong Kong,89,HK,1619315926,85,22.2855,114.1577,80.01,3.0
Bambous Virieux,75,MU,1619316151,78,-20.3428,57.7575,78.8,17.27
Bluff,91,NZ,1619316069,81,-46.6,168.3333,46.0,14.0
Atar,0,MR,1619316151,16,20.5169,-13.0499,77.7,4.97
Pacific Grove,100,US,1619316064,81,36.6177,-121.9166,55.99,1.01
Upernavik,9,GL,1619316152,82,72.7868,-56.1549,23.18,6.64
Khovd,93,MN,1619316153,26,48.0056,91.6419,29.53,7.87
Waingapu,21,ID,1619316153,69,-9.6567,120.2641,83.88,12.15
Nísia Floresta,20,BR,1619316153,88,-6.0911,-35.2086,77.0,3.44
Cabo San Lucas,1,MX,1619316154,25,22.8909,-109.9124,75.2,9.22
Hilo,90,US,1619316132,83,19.7297,-155.09,73.4,5.75
Arbazh,100,RU,1619316154,93,57.6804,48.3065,42.03,11.81
Port Alfred,81,ZA,1619316155,81,-33.5906,26.891,64.31,8.23
Lichtenfels,57,DE,1619316155,73,50.1457,11.0593,39.0,3.91
Kahului,40,US,1619315974,65,20.8947,-156.47,80.6,24.16
Port Blair,40,IN,1619316155,83,11.6667,92.75,78.8,2.3
Lunenburg,9,CA,1619316156,54,44.3835,-64.3155,53.6,10.36
Orvieto,3,IT,1619316156,70,42.7195,12.1116,48.0,2.66
Shahrud,100,IR,1619316157,47,36.4182,54.9763,65.64,3.85
Arkhangelsk,0,RU,1619315917,87,64.5401,40.5433,35.6,6.71
Vardø,100,NO,1619315964,73,70.3705,31.1107,35.26,21.16
Mossamedes,53,AO,1619316158,80,-15.1961,12.1522,77.29,1.81
Tumut,2,AU,1619316158,58,-35.3,148.2167,59.0,3.44
Kaitangata,54,NZ,1619315865,54,-46.2817,169.8464,50.0,21.0
Cidreira,91,BR,1619315863,85,-30.1811,-50.2056,68.14,8.55
Luau,42,AO,1619316159,97,-10.7073,22.2247,62.19,4.09
Faanui,100,PF,1619316159,71,-16.4833,-151.75,79.68,9.31
Vao,100,NC,1619316160,71,-22.6667,167.4833,74.19,12.37
Lebu,0,CL,1619316160,83,-37.6167,-73.65,53.76,15.01
Wynyard,25,AU,1619316160,59,-41.0,145.7167,59.0,11.01
Steinbach am Taunus,0,DE,1619316161,61,50.1667,8.5667,44.6,9.22
Santa Rosa,20,PH,1619316025,74,14.3122,121.1114,86.0,6.91
Paragominas,100,BR,1619316161,98,-2.9667,-47.4833,72.48,2.8
Mar del Plata,40,AR,1619316162,88,-38.0023,-57.5575,57.0,3.44
Ribeira Grande,75,PT,1619316162,74,38.5167,-28.7,59.45,18.75
Sikonge,100,TZ,1619316163,87,-5.6333,32.7667,66.56,4.45
Saskylakh,100,RU,1619316158,96,71.9167,114.0833,32.38,10.69
Kozan,0,TR,1619316163,55,37.4552,35.8157,72.0,2.3
Fort Nelson,20,CA,1619316024,25,58.8053,-122.7002,46.4,12.66
Bethel,1,US,1619316164,41,41.3712,-73.414,57.2,5.75
Qaqortoq,75,GL,1619316164,30,60.7167,-46.0333,53.6,36.82
Tautira,75,PF,1619316165,69,-17.7333,-149.15,82.4,8.05
Jega,100,NG,1619316165,49,12.2175,4.3792,83.59,15.14
Guinguinéo,12,SN,1619316166,54,14.2667,-15.95,69.85,10.07
Kutum,84,SD,1619316166,16,14.2,24.6667,76.64,12.21
Narsaq,75,GL,1619316166,30,60.9167,-46.05,53.6,36.82
Mezen',23,RU,1619316167,80,65.8522,44.24,41.36,6.06
Kathu,20,TH,1619316046,79,7.9178,98.3332,87.01,6.91
Olinda,40,BR,1619316167,83,-8.0089,-34.8553,75.2,5.79
Itarema,97,BR,1619316168,88,-2.9248,-39.9167,77.95,8.86
Departamento de Maldonado,75,UY,1619316121,77,-34.6667,-54.9167,66.2,14.97
Verkh-Usugli,100,RU,1619316168,13,52.7,115.1667,53.28,10.27
Mayo,90,US,1619316169,87,38.8876,-76.5119,53.01,8.68
Bubaque,3,GW,1619316169,65,11.2833,-15.8333,78.01,17.65
Salalah,40,OM,1619316169,78,17.0151,54.0924,82.4,4.61
Barra Patuca,0,HN,1619316170,70,15.8,-84.2833,79.9,15.84
Salinópolis,100,BR,1619316170,85,-0.6136,-47.3561,78.87,5.03
Carutapera,100,BR,1619316171,88,-1.195,-46.02,76.93,3.96
Kongolo,99,CD,1619316171,98,-5.3833,27.0,68.74,0.25
Lüderitz,97,NA,1619316132,80,-26.6481,15.1594,62.29,5.01
White Rock,100,CA,1619316073,87,49.0164,-122.8026,50.0,4.61
Vuktyl,100,RU,1619316106,79,63.8567,57.3094,43.63,10.74
Hasaki,75,JP,1619316123,52,35.7333,140.8333,72.0,10.36
Hermanus,100,ZA,1619316172,80,-34.4187,19.2345,63.0,3.0
El Retorno,96,CO,1619316172,92,2.3302,-72.6276,74.57,2.13
Longyearbyen,75,SJ,1619316173,80,78.2186,15.6401,23.0,3.33
São Filipe,6,CV,1619316173,74,14.8961,-24.4956,72.41,10.4
Muros,100,ES,1619316174,94,42.7762,-9.0603,57.99,1.99
Half Moon Bay,90,US,1619316174,87,37.4636,-122.4286,57.2,8.05
Wanning,35,CN,1619316174,72,18.8003,110.3967,84.49,10.69
Kloulklubed,75,PW,1619316175,70,7.0419,134.2556,87.8,12.66
Tuatapere,41,NZ,1619316175,81,-46.1333,167.6833,46.0,14.0
Vaini,40,TO,1619316175,74,-21.2,-175.2,84.2,9.22
Haapiti,75,PF,1619316176,69,-17.5667,-149.8667,82.4,8.05
Vestmannaeyjar,100,IS,1619316176,89,63.4427,-20.2734,44.4,23.64
Alofi,75,NU,1619316177,83,-19.0595,-169.9187,82.4,3.44
Kruisfontein,37,ZA,1619316177,95,-34.0033,24.7314,57.99,1.99
Corralillo,100,CU,1619316177,72,22.9819,-80.5856,78.62,6.82
Evensk,100,RU,1619316178,91,61.95,159.2333,27.41,11.23
Hay River,99,CA,1619315944,58,60.8156,-115.7999,26.6,10.36
Petrovsk-Zabaykal'skiy,100,RU,1619316178,80,51.273,108.843,44.42,2.1
Samarai,26,PG,1619316179,71,-10.6167,150.6667,84.54,15.97
Pisco,0,PE,1619316179,88,-13.7,-76.2167,66.99,11.5
Carnarvon,0,AU,1619316180,43,-24.8667,113.6333,75.2,8.05
Ancud,90,CL,1619316180,100,-41.8697,-73.8203,55.0,2.3
Ahipara,42,NZ,1619316180,54,-35.1667,173.1667,64.8,8.66
Lyuban',58,BY,1619316181,87,52.7985,28.0048,28.87,7.29
Sechura,100,PE,1619316182,73,-5.5569,-80.8222,70.47,17.11
Cascais,13,PT,1619316182,87,38.6979,-9.4215,61.0,11.99
Orašac,6,BA,1619316183,33,44.6289,16.0711,41.0,1.59
Bogandé,14,BF,1619316183,9,12.9714,-0.1436,87.33,3.29
Beaverlodge,75,CA,1619316184,28,55.2166,-119.4361,41.0,5.75
Mâncio Lima,67,BR,1619316184,95,-7.6142,-72.8958,73.2,2.24
George,70,ZA,1619316184,80,-33.963,22.4617,61.29,2.08
Airai,22,TL,1619316185,53,-8.9266,125.4092,71.26,3.94
Kupang,19,ID,1619316185,62,-10.1667,123.5833,84.38,11.14
Gravdal,95,NO,1619316186,71,68.1214,13.5031,34.02,13.02
Bolshaya Glushitsa,41,RU,1619316186,83,50.2406,43.5908,37.0,7.0
Kroya,54,ID,1619316186,64,-7.6331,109.2461,83.5,3.36
Jasidih,0,IN,1619316187,13,24.5167,86.65,90.45,4.79
Russell,1,US,1619316187,82,32.3502,-85.1999,64.4,4.61
Saint-Pierre,75,RE,1619316187,78,-21.3393,55.4781,77.0,23.02
Abnūb,0,EG,1619316188,52,27.2696,31.1511,66.2,8.05
Knysna,53,ZA,1619316188,82,-34.0363,23.0471,62.29,2.55
Bilma,0,NE,1619316189,13,18.6853,12.9164,83.98,5.66
Chui,97,UY,1619316189,93,-33.6971,-53.4616,63.5,9.86
Amguri,5,IN,1619316190,26,26.8,94.5333,86.27,4.81
Donduşeni,17,MD,1619316190,92,48.2427,27.6101,37.51,6.98
Alice Springs,0,AU,1619316191,32,-23.7,133.8833,73.99,14.97
Chokurdakh,1,RU,1619316129,80,70.6333,147.9167,13.33,7.76
Bathsheba,40,BB,1619316191,61,13.2167,-59.5167,78.8,18.41
Bereda,100,ES,1619315959,100,43.2686,-7.5406,53.01,1.99
Richards Bay,45,ZA,1619316192,87,-28.783,32.0377,67.69,10.6
Malakal,96,SS,1619316192,51,9.5334,31.6605,83.93,5.26
Yar-Sale,100,RU,1619316193,98,66.8333,70.8333,27.41,5.46
Nanortalik,98,GL,1619316193,76,60.1432,-45.2371,40.05,13.49
Santa Maria,90,BR,1619316193,100,-29.6842,-53.8069,64.4,3.44
Wollerau,40,CH,1619316194,70,47.1948,8.719,46.99,3.04
Waipawa,51,NZ,1619316194,45,-41.4122,175.5153,64.4,18.41
Kavieng,15,PG,1619316195,69,-2.5744,150.7967,85.32,9.8
Bengkulu,67,ID,1619316195,71,-3.8004,102.2655,81.46,2.44
Xalapa,69,MX,1619316152,78,19.5333,-96.9167,68.09,4.07
Havelock,90,US,1619316195,78,34.8791,-76.9013,70.0,17.27
Nyurba,100,RU,1619316196,82,63.2842,118.3319,37.69,6.96
Vila Franca do Campo,40,PT,1619316196,77,37.7167,-25.4333,59.0,13.8
Saldanha,100,ZA,1619316197,88,-33.0117,17.9442,59.0,8.05
Carahue,0,CL,1619316197,100,-38.7,-73.1667,46.4,3.44
Ponta do Sol,91,PT,1619316197,86,32.6667,-17.1,57.99,8.99
Mandera,76,KE,1619316198,67,3.9366,41.867,80.69,8.46
De-Kastri,84,RU,1619316198,48,51.4667,140.7833,38.32,10.83
Alenquer,75,BR,1619316199,94,-1.9417,-54.7383,77.0,4.61
Srednekolymsk,100,RU,1619316094,79,67.45,153.6833,19.67,9.4
Rafai,100,CF,1619315899,98,4.95,23.9167,69.08,2.42
Codrington,61,AU,1619316200,70,-38.2667,141.9667,59.9,9.6
Kudahuvadhoo,6,MV,1619316200,66,2.6708,72.8944,82.94,6.51
Faya,0,SA,1619316200,72,18.3851,42.4509,60.8,4.85
Cherskiy,100,RU,1619316201,82,68.75,161.3,21.88,13.02
Hamilton,90,US,1619316201,93,39.1834,-84.5333,51.01,4.43
Tiksi,100,RU,1619316202,92,71.6872,128.8694,32.63,11.34
Kumul,95,CN,1619316202,45,42.8,93.45,40.14,19.04
Conde,40,BR,1619316202,100,-7.2597,-34.9075,75.2,4.61
Coquimbo,0,CL,1619315915,77,-29.9533,-71.3436,57.2,3.44
Buin,0,CL,1619316203,71,-33.7333,-70.75,66.99,3.44
Jaen,100,ES,1619316203,81,38.0,-3.5,59.0,1.01
Grand Gaube,100,MU,1619316204,89,-20.0064,57.6608,75.0,10.0
Rawson,0,AR,1619315937,61,-43.3002,-65.1023,56.34,10.71
Jining,100,CN,1619316205,73,35.405,116.5814,57.15,4.54
Aklavik,17,CA,1619316205,48,68.2191,-135.0107,41.0,9.22
Toamasina,75,MG,1619316205,94,-18.1667,49.3833,73.4,4.61
Mamlyutka,100,KZ,1619316206,49,54.9375,68.5394,43.03,14.03
Barreirinha,41,BR,1619316206,96,-2.7933,-57.07,74.84,2.28
Havre-St-Pierre,20,CA,1619316207,87,50.2334,-63.5986,37.4,11.5
Neuquén,0,AR,1619316025,93,-38.9516,-68.0591,51.8,5.48
Talas,0,TR,1619316207,81,38.6908,35.5538,41.0,2.3
Semnan,72,IR,1619316208,42,35.5729,53.3971,67.53,1.25
Houma,1,US,1619316208,94,29.5958,-90.7195,73.99,3.44
Pa Sang,20,TH,1619316208,74,18.5262,98.9394,88.0,3.44
Berlevåg,100,NO,1619316209,77,70.8578,29.0864,33.75,18.28
General Pico,0,AR,1619315985,65,-35.6566,-63.7568,52.9,5.53
Ankara,0,TR,1619316066,66,39.9199,32.8543,54.0,2.3
Bintulu,40,MY,1619316210,84,3.1667,113.0333,84.2,5.75
Yellowknife,75,CA,1619315431,49,62.456,-114.3525,17.6,13.8
Puerto Ayora,84,EC,1619316210,88,-0.7393,-90.3518,75.76,6.26
Rabo de Peixe,40,PT,1619316211,77,37.8,-25.5833,59.0,13.8
Avarua,20,CK,1619316211,69,-21.2078,-159.775,82.4,12.66
Saint-Philippe,75,RE,1619316211,78,-21.3585,55.7679,77.0,23.02
Pore,100,CO,1619316212,56,5.7272,-71.9947,80.46,4.54
Okha,34,RU,1619316212,66,53.5739,142.9478,31.71,14.74
Ostrovnoy,100,RU,1619316213,99,68.0531,39.5131,34.27,4.21
Coyhaique,100,CL,1619316213,97,-45.5752,-72.0662,46.29,4.54
Northam,0,GB,1619316213,68,51.0333,-4.2167,46.0,4.0
Kaoma,100,ZM,1619316214,57,-14.7833,24.8,64.08,3.51
Taltal,2,CL,1619315928,81,-25.4,-70.4833,62.64,3.71
Puerto Madryn,0,AR,1619316056,57,-42.7692,-65.0385,56.91,9.15
Tuktoyaktuk,20,CA,1619316215,86,69.4541,-133.0374,24.8,10.36
Vallenar,0,CL,1619316215,71,-28.5708,-70.7581,60.64,2.15
Husavik,0,IS,1619316215,93,66.0449,-17.3389,39.2,6.91
Ullapool,100,GB,1619316216,93,57.8987,-5.1604,36.0,1.99
Vanavara,100,RU,1619316075,99,60.34,102.2797,35.42,2.13
Sørland,83,NO,1619316216,57,67.667,12.6934,36.52,18.86
Margate,0,GB,1619316217,79,51.3813,1.3862,45.0,4.0
Sorata,78,BO,1619316217,94,-15.7667,-68.6333,44.49,1.59
Kindu,100,CD,1619316217,99,-2.95,25.95,70.0,1.61
Bo Phloi,96,TH,1619316218,62,14.3236,99.5161,84.7,5.66
Ixtapa,75,MX,1619316218,73,20.7,-105.2,78.8,8.05
Cockburn Town,6,TC,1619316219,80,21.4612,-71.1419,78.49,21.9
Port Hardy,75,CA,1619316195,87,50.6996,-127.4199,50.0,3.44
Port Elizabeth,90,ZA,1619316219,94,-33.918,25.5701,59.0,6.91
Shimoda,75,JP,1619316220,64,34.6667,138.95,68.0,16.11
Vurnary,94,RU,1619316220,77,55.4904,46.9648,38.66,13.18
Aligoodarz,100,IR,1619316220,39,33.4006,49.6949,56.35,3.24
Leshukonskoye,36,RU,1619316221,80,64.8989,45.7622,40.68,4.79
Dingle,57,PH,1619316221,56,10.9995,122.6711,88.2,1.39
Taoudenni,1,ML,1619316221,9,22.6783,-3.9836,85.53,9.69
Megali Vrisi,76,GR,1619316222,90,35.1344,25.0209,64.99,7.0
Imeni Poliny Osipenko,95,RU,1619316222,27,52.4201,136.4853,39.18,13.78
Kaa-Khem,100,RU,1619316222,48,51.6833,94.7333,38.16,7.72
Shelburne,90,CA,1619316223,40,44.0787,-80.2041,53.6,6.89
Wajir,96,KE,1619316223,72,1.7471,40.0573,78.37,10.76
Touros,20,BR,1619316224,100,-5.1989,-35.4608,73.4,3.44
Walvis Bay,98,NA,1619316224,100,-22.9575,14.5053,60.01,3.44
Philadelphia,90,US,1619316051,47,39.9523,-75.1638,60.8,4.61
Ningbo,40,CN,1619316225,83,29.8782,121.5495,73.0,2.24
Karratha,0,AU,1619316225,24,-20.7377,116.8463,86.56,19.55
Valparaíso,0,CL,1619316040,74,-33.0393,-71.6273,57.99,9.08
Whitehorse,40,CA,1619316225,22,60.7161,-135.0538,51.8,8.05
Burlington,90,US,1619316226,51,39.8835,-74.6413,57.2,3.44
Sādāt,20,IN,1619316226,44,25.6833,83.2833,80.6,8.05
Yeppoon,80,AU,1619315995,36,-23.1333,150.7333,80.6,11.5
Khandyga,100,RU,1619316227,83,62.6667,135.6,26.29,1.43
Port-Gentil,87,GA,1619316227,88,-0.7193,8.7815,77.76,10.04
Mahébourg,75,MU,1619316228,78,-20.4081,57.7,78.8,17.27
Vilhena,32,BR,1619316228,96,-12.7406,-60.1458,69.31,2.77
Agnibilékrou,100,CI,1619316229,95,7.1344,-3.2047,73.87,1.97
Tourlaville,90,FR,1619316229,93,49.6383,-1.5664,48.99,16.11
Bluefield,90,US,1619316108,93,37.2698,-81.2223,46.99,6.91
Slavgorod,55,RU,1619316230,43,52.9978,78.6449,42.98,6.55
Nome,1,US,1619316230,70,64.5011,-165.4064,39.2,3.44
Torbay,1,CA,1619316230,93,47.6666,-52.7314,37.99,12.66
Padang,20,ID,1619316078,89,-0.9492,100.3543,78.8,1.14
Longonjo,100,AO,1619316231,77,-12.9067,15.2533,61.18,1.48
Kumbo,100,CM,1619316231,88,6.2,10.6667,60.93,1.1
Marsá Maţrūḩ,0,EG,1619316232,45,31.3525,27.2453,62.6,9.22
Shiraz,40,IR,1619316232,41,29.6036,52.5388,60.8,2.3
Agde,75,FR,1619316232,93,43.3108,3.4758,55.99,6.91
Fresnillo,75,MX,1619316233,7,23.1667,-102.8833,78.8,9.22
Fraserburgh,100,GB,1619316233,82,57.6874,-2.0184,39.0,4.47
Manado,20,ID,1619316234,62,1.487,124.8455,89.6,3.44
São Miguel do Araguaia,10,BR,1619316229,67,-13.275,-50.1628,75.04,1.12
Nhulunbuy,75,AU,1619316220,74,-12.2333,136.7667,84.2,12.66
Nouadhibou,0,MR,1619316222,88,20.931,-17.0347,63.95,19.73
Phonhong,40,LA,1619316234,79,18.5007,102.4166,86.0,4.61
Zhicheng,100,CN,1619316235,86,30.2956,111.5047,60.01,7.67
Cap Malheureux,100,MU,1619316235,89,-19.9842,57.6142,75.0,10.0
Shakawe,91,BW,1619316236,42,-18.3667,21.85,64.92,4.47
Mt. Pleasant,90,US,1619316005,100,32.7941,-79.8626,64.4,9.22
Prince Rupert,1,CA,1619316236,47,54.3161,-130.3201,59.0,6.91
Zhigansk,100,RU,1619316237,99,66.7697,123.3711,33.71,6.67
São João da Barra,8,BR,1619316237,86,-21.6403,-41.0511,70.93,2.91
Lata,20,PT,1619316238,88,40.1629,-8.3327,59.0,3.44
Korla,76,CN,1619316238,48,41.7597,86.1469,44.92,18.43
Arlit,9,NE,1619316238,12,18.7369,7.3853,86.38,4.43
Los Llanos de Aridane,75,ES,1619316239,59,28.6585,-17.9182,66.2,10.36
Norman Wells,75,CA,1619316239,36,65.282,-126.8329,44.6,9.22
Yulara,0,AU,1619316075,32,-25.2406,130.9889,69.8,20.71
Angoche,97,MZ,1619316240,82,-16.2325,39.9086,75.11,4.05
Xianyang,90,CN,1619316240,94,34.3378,108.7026,53.6,11.18
San Policarpo,44,PH,1619316241,73,12.1791,125.5072,82.33,6.87
Martinópolis,0,BR,1619316148,49,-22.1458,-51.1708,71.6,4.61
Ndendé,61,GA,1619316241,98,-2.4008,11.3581,71.85,1.39
Qaanaaq,91,GL,1619315889,68,77.484,-69.3632,23.56,8.08
Roald,75,NO,1619316224,93,62.5833,6.1333,35.6,4.61
Acajutla,9,SV,1619315974,96,13.5928,-89.8275,72.0,1.99
Sémbé,70,CG,1619316242,95,1.6481,14.5806,69.84,1.95
Laas,0,IT,1619316243,75,46.6166,10.7002,48.0,4.61
Mae Ramat,89,TH,1619316243,78,16.984,98.5166,82.4,4.61
Nabire,99,ID,1619316243,71,-3.3667,135.4833,83.44,2.71
Pangnirtung,72,CA,1619316244,77,66.1451,-65.7125,27.55,7.38
Ilulissat,1,GL,1619316244,46,69.2167,-51.1,46.4,27.63
Doha,85,QA,1619316244,61,25.2867,51.5333,79.0,2.3
Mabama,100,TZ,1619316245,88,-5.1333,32.5333,67.57,3.51
Namatanai,38,PG,1619316245,67,-3.6667,152.4333,85.15,8.7
Raudeberg,38,NO,1619316246,83,61.9875,5.1352,36.0,11.32
Sobolevo,19,RU,1619316246,91,54.4299,31.8996,29.25,8.34
Talnakh,100,RU,1619316247,93,69.4865,88.3972,14.4,10.04
Constitución,0,CL,1619316247,64,-35.3333,-72.4167,56.88,8.1
Klaksvík,20,FO,1619316247,87,62.2266,-6.589,41.0,4.61
Harper,100,LR,1619316248,83,4.375,-7.7169,80.46,6.76
Beloha,0,MG,1619316248,77,-25.1667,45.05,68.09,5.75
Nioro,8,GM,1619316249,35,13.35,-15.75,75.76,9.35
Tasiilaq,75,GL,1619316128,75,65.6145,-37.6368,39.2,11.5
Yangi Marg`ilon,0,UZ,1619316249,47,40.4272,71.7189,55.4,9.22
Belaya Gora,47,RU,1619316250,82,68.5333,146.4167,18.72,9.06
Daphne,1,US,1619316250,94,30.6035,-87.9036,73.4,3.44
Vostok,86,RU,1619316250,37,46.4856,135.8833,37.92,12.95
Proletariy,100,RU,1619316251,94,58.4342,31.7046,31.8,8.75
Portland,100,US,1619315658,86,45.5234,-122.6762,52.0,4.0
Ziniaré,0,BF,1619316251,35,12.5822,-1.2983,89.6,9.22
Port Hedland,0,AU,1619316252,19,-20.3167,118.5667,89.6,17.27
Curvelo,0,BR,1619316075,50,-18.7564,-44.4308,67.1,3.2
Gari,100,RU,1619316252,71,59.4307,62.3497,40.08,8.99
Mānikganj,3,BD,1619316253,66,23.8553,90.0125,86.0,5.41
Örnsköldsvik,100,SE,1619316253,59,63.2909,18.7153,32.0,12.66
Jacareacanga,68,BR,1619316253,86,-6.2222,-57.7528,77.41,0.74
Jesolo,0,IT,1619316254,82,45.5331,12.6448,55.4,3.44
Palmares do Sul,100,BR,1619316254,86,-30.2578,-50.5097,68.13,7.25
Ketchikan,1,US,1619316115,29,55.3422,-131.6461,60.8,10.36
Isangel,75,VU,1619316255,70,-19.55,169.2667,86.0,5.75
Naantali,90,FI,1619316255,86,60.4674,22.0243,34.0,6.91
Sorgun,96,TR,1619316255,89,39.8101,35.186,45.82,6.15
Panindícuaro,98,MX,1619316256,23,19.9667,-101.7667,70.79,5.06
Leningradskiy,100,RU,1619316064,85,69.3833,178.4167,32.47,1.39
Kainantu,98,PG,1619316256,86,-6.2887,145.8655,67.8,3.49
Balkanabat,75,TM,1619316257,46,39.5108,54.3671,69.53,4.83
Katsuura,75,JP,1619316209,60,35.1333,140.3,69.01,13.8
Örebro,26,SE,1619316257,55,59.2741,15.2066,33.8,12.66
Morondava,30,MG,1619316258,75,-20.2833,44.2833,74.52,3.89
Tilichiki,100,RU,1619316258,98,60.4667,166.1,29.95,4.88
Morehead,90,US,1619316258,93,37.2711,-87.1764,52.0,4.61
Naples,0,IT,1619316120,46,40.8333,14.25,55.99,4.61
Egvekinot,100,RU,1619316259,97,66.3167,-179.1667,27.73,4.85
Inírida,100,CO,1619316259,91,3.8653,-67.9239,75.6,1.74
Plaridel,20,PH,1619316260,62,14.8872,120.8572,87.8,8.05
Broome,90,US,1619316260,35,42.2506,-75.833,55.4,4.61
Tongzi,93,CN,1619316261,82,28.7829,105.0877,61.48,7.2
Fortuna,40,US,1619316170,62,40.5982,-124.1573,55.0,12.66
Lianzhou,97,CN,1619316261,87,24.7811,112.3825,65.97,5.75
Hornepayne,100,CA,1619316261,94,49.2138,-84.7705,23.59,9.95
Pochutla,51,MX,1619316262,76,15.7432,-96.4661,82.99,5.01
Novo Aripuanã,34,BR,1619316262,95,-5.1206,-60.3797,75.04,1.88
Kavaratti,14,IN,1619316263,67,10.5669,72.642,84.56,8.95
Makat,53,KZ,1619316263,64,47.6469,53.3463,54.45,9.4
Broken Hill,0,AU,1619316264,52,-31.95,141.4333,64.4,6.91
Sidi Ali,1,DZ,1619316264,42,36.0998,0.4206,69.21,10.36
Murray,1,US,1619316265,36,40.6669,-111.888,62.6,2.17
Henties Bay,2,NA,1619316265,95,-22.116,14.2845,60.01,3.0
Ishigaki,40,JP,1619316266,69,24.3448,124.1572,77.0,19.57
Mfou,20,CM,1619316266,100,3.7159,11.6427,68.0,1.12
Alaca,100,TR,1619316266,87,40.1683,34.8425,44.89,5.7
Port Macquarie,0,AU,1619316267,54,-31.4333,152.9167,73.0,1.99
Perth,0,AU,1619316267,56,-31.9333,115.8333,75.99,2.3
Oktyabr'skoye,100,RU,1619316267,76,43.0645,44.7417,53.6,11.18
Adrar,6,MR,1619316268,13,20.5022,-10.0711,77.32,9.4
Tacoronte,90,ES,1619316268,94,28.4769,-16.4102,66.0,13.8
Raisen,20,IN,1619316269,33,23.3333,77.8,75.2,8.05
Clyde River,90,CA,1619316269,93,70.4692,-68.5914,17.6,3.44
Papara,75,BR,1619316269,78,-3.9839,-38.7273,82.4,6.91
Ulladulla,75,AU,1619316167,52,-35.35,150.4667,68.0,3.44
Vila Velha,75,BR,1619316270,88,-20.3297,-40.2925,73.4,2.3
Kaili,13,ID,1619316270,65,-3.4626,120.2147,78.28,4.18
Iqaluit,75,CA,1619316271,86,63.7506,-68.5145,32.0,4.61
Rio Grande,100,BR,1619316271,95,-32.035,-52.0986,63.0,8.41
Taseyevo,99,RU,1619316272,90,57.2169,94.8978,35.55,5.84
Pandamatenga,15,BW,1619316272,51,-18.5278,25.627,61.43,2.59
Hokitika,100,NZ,1619316272,90,-42.7167,170.9667,54.32,16.13
Porto-Novo,100,BJ,1619316273,86,6.4965,2.6036,79.43,5.14
Saint George,1,US,1619316251,13,37.1041,-113.5841,77.0,27.63
Kieta,100,PG,1619316273,69,-6.2167,155.6333,83.57,4.09
Tura,3,IN,1619316274,26,25.5198,90.2201,86.94,3.27
Basco,70,PH,1619316274,71,20.4487,121.9702,76.39,11.39
La Ronge,99,CA,1619316275,50,55.1001,-105.2842,30.2,6.91
Metković,0,HR,1619316275,66,43.0542,17.6483,46.4,2.3
Valleyview,95,CA,1619316037,30,55.0667,-117.2859,39.2,6.91
Abadan,90,TM,1619316276,68,38.0507,58.2056,66.2,4.61
Haines Junction,24,CA,1619316276,18,60.7522,-137.5108,57.2,5.75
Lermontovka,66,RU,1619316276,33,47.1453,134.3383,44.98,12.82
Bouna,100,CI,1619316277,84,9.2667,-3.0,73.15,6.64
Kaiyuan,18,CN,1619316277,53,23.6977,103.3037,79.29,4.9
Esmeraldas,0,BR,1619316277,73,-19.7625,-44.3139,69.8,2.3
Bandarbeyla,26,SO,1619316278,76,9.4942,50.8122,82.35,6.4
Novikovo,6,RU,1619316278,72,51.1537,37.8879,34.03,11.59
Elverum,16,NO,1619316279,74,60.8819,11.5623,28.99,5.44
Ricaurte,86,CO,1619316279,78,4.2808,-74.7647,76.87,1.99
Boquira,87,BR,1619316280,77,-12.8231,-42.7306,73.72,3.36
Karabudakhkent,38,RU,1619316280,93,42.7087,47.5673,46.4,6.71
Caravelas,0,BR,1619316280,89,-17.7125,-39.2481,73.4,4.81
Nara,75,JP,1619316281,55,34.6851,135.8049,69.01,8.05
Mitsamiouli,100,KM,1619316281,72,-11.3847,43.2844,81.07,7.78
Huanren,6,CN,1619316282,20,41.2647,125.3667,57.74,8.43
San-Pédro,75,CI,1619316282,92,4.7485,-6.6363,77.67,5.7
Tazovsky,97,RU,1619316282,94,67.4667,78.7,16.97,6.55
Benguela,100,AO,1619316283,86,-12.5763,13.4055,79.03,2.51
Oranjestad,20,AW,1619316182,78,12.524,-70.027,80.6,20.71
Banjar,20,ID,1619316283,79,-8.19,114.9675,84.2,5.75
Bilibino,100,RU,1619316284,87,68.0546,166.4372,29.98,4.34
Bukachacha,100,RU,1619316284,19,52.9833,116.9167,52.99,6.98
Ampanihy,0,MG,1619316284,75,-24.7,44.75,67.51,2.73
Mae Hong Son,20,TH,1619316285,62,19.3003,97.9685,86.0,4.61
Yinchuan,22,CN,1619316285,59,38.4681,106.2731,52.79,1.66
Llangefni,3,GB,1619316286,81,53.2556,-4.3106,48.2,3.44
Mount Isa,7,AU,1619316051,39,-20.7333,139.5,84.2,16.11
Ayotzintepec,26,MX,1619316286,70,17.6667,-96.1333,80.19,1.66
Monte Alegre,90,BR,1619316287,96,-2.0078,-54.0692,74.84,3.36
Genhe,53,CN,1619316287,24,50.7833,121.5167,52.84,2.1
Kantunilkín,40,MX,1619316287,78,21.0917,-87.45,80.6,8.05
Buarcos,20,PT,1619316286,88,40.166,-8.8768,59.0,3.44
Campo Verde,40,BR,1619316288,60,-20.4167,-54.0667,75.2,2.3
Bud,100,US,1619316288,94,39.447,-86.1758,51.01,5.75
Elizabeth City,90,US,1619316289,88,36.2946,-76.2511,57.2,13.8
Campbellton,14,CA,1619316289,65,48.0075,-66.6727,42.8,5.75
Çay,100,TR,1619316289,75,38.5917,31.0286,53.47,4.65
Jieshi,100,CN,1619316290,80,22.8134,115.8257,73.15,13.09
Paamiut,100,GL,1619316046,86,61.994,-49.6678,36.1,12.82
Baykal'sk,100,RU,1619316290,94,51.5058,104.1469,36.18,1.48
Gagino,100,RU,1619316291,87,55.2314,45.0339,38.01,16.31
Biga,75,TR,1619316291,93,40.2281,27.2422,54.0,18.41
Saiki,20,JP,1619316292,77,32.95,131.9,64.4,8.05
Bara,75,NG,1619316292,67,10.3744,10.7288,80.98,11.95
Ironton,90,US,1619316248,100,38.5368,-82.6829,51.01,4.27
Anadyr,20,RU,1619316292,80,64.75,177.4833,35.6,11.18
Palana,100,RU,1619316293,99,59.1167,159.9667,30.29,2.59
Il’inskiy,0,RU,1619316293,80,55.619,38.1182,34.0,11.18
San Cristobal,40,VE,1619316294,89,7.7669,-72.225,78.8,2.3
Itacoatiara,100,BR,1619316112,92,-3.1431,-58.4442,76.42,3.15
Bom Jesus,25,BR,1619316043,83,-9.0744,-44.3586,73.56,1.59
New Philadelphia,90,US,1619316296,100,40.4898,-81.4457,48.0,2.28
Terrace,75,CA,1619316011,17,54.5163,-128.6035,60.8,3.44
Tofte,0,NO,1619316296,51,59.5428,10.5614,36.0,9.22
Buraidah,0,SA,1619316296,28,26.326,43.975,73.4,5.23
Khadro,0,PK,1619316297,60,26.1472,68.7176,75.2,4.61
Rome,1,US,1619316226,50,43.2128,-75.4557,54.0,4.59
Beringovskiy,100,RU,1619316297,92,63.05,179.3167,32.63,3.04
Maryborough,6,AU,1619316298,58,-25.5333,152.7,77.0,4.0
Riwaka,65,NZ,1619316298,63,-41.0833,173.0,68.0,1.99
Laureles,1,US,1619316299,69,26.1092,-97.4941,77.0,8.05
Souillac,75,MU,1619316299,78,-20.5167,57.5167,78.8,17.27
Iturama,46,BR,1619316299,40,-19.7281,-50.1956,68.27,1.72
Guna,100,IN,1619316300,14,24.65,77.3167,80.65,7.25
Tsimmerbude,0,RU,1619316300,86,54.675,20.1347,37.0,6.71
Buriti Alegre,1,BR,1619316301,42,-18.14,-49.0403,64.58,2.3
Te Anau,15,NZ,1619316301,64,-45.4167,167.7167,47.53,8.43
Sulphur,1,US,1619316215,49,30.2366,-93.3774,75.2,8.05
Caucayá,99,CO,1619316302,95,-0.1934,-74.7819,73.94,1.19
Montgomery,90,US,1619316290,100,39.1501,-77.1997,51.01,5.35
Tateyama,75,JP,1619316302,64,34.9833,139.8667,68.0,16.11
Yershov,0,RU,1619316303,76,51.3513,48.2766,41.11,14.65
Lewisburg,90,US,1619316303,88,35.4492,-86.7889,55.4,4.61
Sheridan,90,US,1619316304,66,44.8333,-106.9173,52.0,3.83
Kaihua,65,CN,1619316304,66,23.3687,104.28,75.87,9.64
Mehamn,100,NO,1619316304,75,71.0357,27.8492,32.0,16.2
Kuroishi,75,JP,1619316305,87,40.6389,140.5922,54.0,12.66
Aquiraz,75,BR,1619316305,78,-3.9014,-38.3911,82.4,6.91
Jambi City,91,ID,1619316306,84,-1.6,103.6167,80.11,1.99
Latung,51,PH,1619316306,70,5.5,120.8833,82.96,2.3
Mitú,92,CO,1619316201,96,1.1983,-70.1733,73.56,1.05
Luanda,40,AO,1619316182,94,-8.8368,13.2343,75.2,1.14
Port Lincoln,0,AU,1619316307,55,-34.7333,135.8667,64.49,4.29
São Mateus,0,BR,1619316237,94,-18.7161,-39.8589,71.37,2.15
Kenai,1,US,1619316307,35,60.5544,-151.2583,55.4,6.91
Vanimo,100,PG,1619316308,87,-2.6741,141.3028,78.39,3.56
Hudiksvall,93,SE,1619316308,57,61.729,17.1036,32.0,3.0
Vikhorevka,75,RU,1619316308,86,56.1201,101.1636,32.0,11.18
Sola,100,VU,1619316309,74,-13.8833,167.55,83.23,16.69
Kawalu,57,ID,1619316028,64,-7.3817,108.2082,82.11,2.62
Fairbanks,1,US,1619316196,26,64.8378,-147.7164,62.6,4.61
Moussoro,23,TD,1619316310,42,13.6408,16.4901,81.36,9.6
Alto Araguaia,12,BR,1619316310,48,-17.3147,-53.2153,64.56,1.86
Khanbari,2,NP,1619316085,22,27.3747,87.2039,77.83,1.19
Cuamba,78,MZ,1619316311,92,-14.8031,36.5372,64.06,3.13
Atasū,100,KZ,1619316311,32,48.6814,71.6433,42.33,15.03
Juchitlán,100,MX,1619316311,34,20.0833,-104.1167,71.96,5.35
Hambantota,20,LK,1619316312,100,6.1241,81.1185,75.2,1.14
Traverse City,90,US,1619316181,93,44.7631,-85.6206,39.2,11.5
Xinzhou,100,CN,1619316313,65,38.4092,112.7333,53.15,3.38
Arrondissement de Saint-Denis,0,FR,1619316313,57,48.9167,2.3333,50.0,9.22
Hervey Bay,2,AU,1619316313,58,-25.2986,152.8535,77.0,4.0
Tessalit,0,ML,1619316314,8,20.1986,1.0114,86.18,7.2
Cayenne,90,GF,1619316314,89,4.9333,-52.3333,79.0,3.44
Copala,63,MX,1619316315,76,16.65,-98.9833,79.47,2.15
Gondanglegi,7,ID,1619316315,66,-7.7479,112.0132,82.98,3.71
Staraya Russa,100,RU,1619316315,86,57.9944,31.3608,31.89,9.86
Dargaville,7,NZ,1619316316,49,-35.9333,173.8833,65.07,10.4
Bonavista,33,CA,1619316316,81,48.6499,-53.1147,37.4,6.91
Fond du Lac,90,US,1619316316,61,43.775,-88.4388,46.4,16.11
Caapucú,86,PY,1619316317,97,-26.2167,-57.2,62.91,1.59
Antofagasta,0,CL,1619316317,77,-23.65,-70.4,60.8,1.14
Boyolangu,3,ID,1619316318,65,-8.1181,111.8935,82.51,3.06
Basoko,100,CD,1619316318,93,1.2391,23.616,72.19,2.04
Ellensburg,90,US,1619316318,57,46.9965,-120.5479,50.0,16.11
Beihai,99,CN,1619316319,84,21.4833,109.1,79.9,10.16
Sampit,96,ID,1619316319,57,-2.5333,112.95,88.3,3.02
Manokwari,100,ID,1619316319,87,-0.8667,134.0833,77.72,2.77
Hualmay,5,PE,1619316320,86,-11.0964,-77.6139,66.7,8.95
Rudnaya Pristan',96,RU,1619316320,38,44.3614,135.8116,44.73,12.95
Mlonggo,20,ID,1619316109,78,-6.5333,110.7,80.6,9.22
Shache,100,CN,1619316321,16,38.4167,77.2406,62.4,6.13
Dundalk,90,US,1619316122,82,39.2507,-76.5205,55.99,8.59
Giohar,8,SO,1619316321,81,2.7809,45.5005,79.29,4.47
Siocon,35,PH,1619316322,64,7.7061,122.1353,86.18,6.51
Fairfield,1,US,1619316265,54,41.2668,-73.3162,55.4,4.61
Cooma,0,AU,1619316322,58,-36.2333,149.1333,51.8,5.75
Ji’an,100,CN,1619316323,88,27.1172,114.9793,62.44,10.6
Manitouwadge,100,CA,1619316323,86,49.1215,-85.8403,28.4,6.91
Sibolga,68,ID,1619316323,73,1.7427,98.7792,81.32,0.78
Killybegs,51,IE,1619316324,71,54.6333,-8.45,44.74,8.1
Irmo,90,US,1619316324,88,34.086,-81.1832,64.99,10.36
La Maddalena,0,IT,1619316135,93,41.2142,9.4083,42.8,1.14
Kiryat Gat,10,IL,1619316325,100,31.61,34.7642,64.0,3.15
Melton,82,AU,1619316325,66,-37.6833,144.5833,62.01,6.71
Lorengau,13,PG,1619316325,71,-2.0226,147.2712,83.57,5.32
Puerto del Rosario,0,ES,1619316185,64,28.5004,-13.8627,68.0,5.75
Karachi,0,PK,1619316072,57,24.9056,67.0822,78.8,7.0
Nuuk,75,GL,1619316326,49,64.1835,-51.7216,46.4,12.66
Ţahţā,0,EG,1619316327,30,26.7693,31.5021,69.8,6.91
